-5000  0
-4985  0
-4970  0
-4955  0
-4940  0
-4925  0
-4910  0
-4895  0
-4880  0
-4865  0.00241546
-4850  0
-4835  0
-4820  0
-4805  0
-4790  0
-4775  0.00241546
-4760  0
-4745  0
-4730  0.00483092
-4715  0
-4700  0
-4685  0
-4670  0
-4655  0
-4640  0
-4625  0
-4610  0
-4595  0
-4580  0
-4565  0
-4550  0
-4535  0
-4520  0
-4505  0
-4490  0.00241546
-4475  0
-4460  0
-4445  0.00241546
-4430  0
-4415  0
-4400  0
-4385  0
-4370  0.00241546
-4355  0
-4340  0
-4325  0
-4310  0
-4295  0.00241546
-4280  0
-4265  0
-4250  0
-4235  0
-4220  0
-4205  0
-4190  0.00483092
-4175  0
-4160  0
-4145  0
-4130  0.00241546
-4115  0
-4100  0
-4085  0
-4070  0
-4055  0.00241546
-4040  0
-4025  0
-4010  0
-3995  0
-3980  0
-3965  0
-3950  0
-3935  0
-3920  0
-3905  0
-3890  0
-3875  0
-3860  0.00241546
-3845  0
-3830  0
-3815  0
-3800  0
-3785  0
-3770  0
-3755  0
-3740  0
-3725  0
-3710  0
-3695  0.00241546
-3680  0
-3665  0
-3650  0.00241546
-3635  0.00241546
-3620  0
-3605  0
-3590  0
-3575  0.00241546
-3560  0
-3545  0.00241546
-3530  0
-3515  0
-3500  0
-3485  0.00241546
-3470  0
-3455  0
-3440  0
-3425  0
-3410  0
-3395  0
-3380  0
-3365  0
-3350  0
-3335  0.00241546
-3320  0
-3305  0.00241546
-3290  0
-3275  0
-3260  0
-3245  0
-3230  0
-3215  0
-3200  0
-3185  0
-3170  0
-3155  0
-3140  0
-3125  0
-3110  0
-3095  0
-3080  0
-3065  0
-3050  0
-3035  0
-3020  0
-3005  0
-2990  0
-2975  0.00241546
-2960  0
-2945  0
-2930  0
-2915  0
-2900  0.00241546
-2885  0
-2870  0
-2855  0
-2840  0.00241546
-2825  0
-2810  0.00241546
-2795  0.00241546
-2780  0
-2765  0
-2750  0.00241546
-2735  0
-2720  0
-2705  0
-2690  0
-2675  0
-2660  0
-2645  0
-2630  0
-2615  0
-2600  0
-2585  0.00241546
-2570  0
-2555  0
-2540  0.00241546
-2525  0
-2510  0
-2495  0
-2480  0
-2465  0
-2450  0
-2435  0
-2420  0.00241546
-2405  0.00241546
-2390  0
-2375  0
-2360  0
-2345  0.00483092
-2330  0.00241546
-2315  0.00241546
-2300  0
-2285  0
-2270  0.00241546
-2255  0.00241546
-2240  0
-2225  0
-2210  0
-2195  0
-2180  0
-2165  0
-2150  0
-2135  0
-2120  0
-2105  0.00483092
-2090  0
-2075  0.00241546
-2060  0.00241546
-2045  0.00241546
-2030  0
-2015  0
-2000  0
-1985  0.00241546
-1970  0
-1955  0
-1940  0
-1925  0.00241546
-1910  0
-1895  0.00483092
-1880  0
-1865  0
-1850  0
-1835  0
-1820  0
-1805  0
-1790  0
-1775  0
-1760  0
-1745  0
-1730  0.00241546
-1715  0.00241546
-1700  0.00241546
-1685  0
-1670  0
-1655  0
-1640  0
-1625  0
-1610  0
-1595  0
-1580  0
-1565  0
-1550  0
-1535  0
-1520  0.00241546
-1505  0.00241546
-1490  0
-1475  0
-1460  0
-1445  0.00483092
-1430  0
-1415  0.00241546
-1400  0.00724638
-1385  0.00483092
-1370  0
-1355  0.00483092
-1340  0
-1325  0.00241546
-1310  0.00724638
-1295  0.00483092
-1280  0
-1265  0
-1250  0.00241546
-1235  0.00483092
-1220  0
-1205  0
-1190  0.00241546
-1175  0
-1160  0.00241546
-1145  0.00241546
-1130  0.00241546
-1115  0.00241546
-1100  0.00241546
-1085  0
-1070  0
-1055  0
-1040  0.00483092
-1025  0
-1010  0
-995  0.00483092
-980  0.00483092
-965  0.00241546
-950  0.00241546
-935  0.00241546
-920  0
-905  0.00241546
-890  0.00966184
-875  0
-860  0.00241546
-845  0.00241546
-830  0.00724638
-815  0.00241546
-800  0.00241546
-785  0
-770  0
-755  0
-740  0.00483092
-725  0.00241546
-710  0.00241546
-695  0
-680  0.00241546
-665  0.00241546
-650  0.00241546
-635  0.00483092
-620  0.00966184
-605  0.00241546
-590  0
-575  0.00483092
-560  0.00966184
-545  0.00241546
-530  0.00724638
-515  0.00241546
-500  0.00966184
-485  0.00483092
-470  0.00966184
-455  0.00724638
-440  0.00241546
-425  0.00241546
-410  0.00724638
-395  0
-380  0.00483092
-365  0.0217391
-350  0.0120773
-335  0.00724638
-320  0.00724638
-305  0.00483092
-290  0.00483092
-275  0.00241546
-260  0.00724638
-245  0.00241546
-230  0.0169082
-215  0.0169082
-200  0.0144928
-185  0.00241546
-170  0.0144928
-155  0.00483092
-140  0.00724638
-125  0.0120773
-110  0.00724638
-95  0.00724638
-80  0.00966184
-65  0
-50  0.00241546
-35  0.0120773
-20  0.00483092
-5  0.0120773
10  0.0217391
25  0.00241546
40  0.00483092
55  0.00966184
70  0.0144928
85  0
100  0.00241546
115  0.00241546
130  0.00966184
145  0.00966184
160  0.00966184
175  0.0144928
190  0.00483092
205  0.00483092
220  0.0144928
235  0.00241546
250  0.00724638
265  0.00241546
280  0.00241546
295  0.00483092
310  0.00966184
325  0.00241546
340  0.00241546
355  0.00483092
370  0.00724638
385  0.00483092
400  0
415  0.00241546
430  0.00241546
445  0.00724638
460  0.00966184
475  0.00241546
490  0.0120773
505  0
520  0.00483092
535  0.00483092
550  0
565  0
580  0.00483092
595  0.00483092
610  0.00483092
625  0.00241546
640  0.00724638
655  0.00241546
670  0
685  0.00241546
700  0.00483092
715  0
730  0.00241546
745  0
760  0.00241546
775  0.00483092
790  0.00241546
805  0
820  0.00241546
835  0
850  0
865  0.00483092
880  0
895  0
910  0.00241546
925  0
940  0.00241546
955  0.00241546
970  0.00483092
985  0.00241546
1000  0
1015  0.00483092
1030  0
1045  0
1060  0.00483092
1075  0
1090  0
1105  0.00241546
1120  0.00241546
1135  0.00241546
1150  0
1165  0.00483092
1180  0.00241546
1195  0.00241546
1210  0.00241546
1225  0
1240  0
1255  0.00241546
1270  0
1285  0.00241546
1300  0
1315  0
1330  0
1345  0.00241546
1360  0
1375  0
1390  0.00241546
1405  0
1420  0
1435  0.00241546
1450  0
1465  0
1480  0
1495  0
1510  0
1525  0
1540  0
1555  0
1570  0.00241546
1585  0.00241546
1600  0
1615  0
1630  0
1645  0.00483092
1660  0
1675  0
1690  0
1705  0.00241546
1720  0
1735  0.00241546
1750  0
1765  0
1780  0
1795  0
1810  0
1825  0
1840  0.00241546
1855  0
1870  0
1885  0.00241546
1900  0
1915  0.00241546
1930  0
1945  0
1960  0
1975  0
1990  0.00241546
2005  0
2020  0.00241546
2035  0
2050  0.00241546
2065  0.00241546
2080  0
2095  0
2110  0
2125  0
2140  0
2155  0
2170  0
2185  0
2200  0
2215  0.00241546
2230  0
2245  0
2260  0.00241546
2275  0
2290  0
2305  0
2320  0
2335  0
2350  0
2365  0
2380  0
2395  0
2410  0
2425  0
2440  0
2455  0
2470  0
2485  0
2500  0.00241546
2515  0
2530  0
2545  0
2560  0
2575  0.00724638
2590  0.00241546
2605  0
2620  0
2635  0
2650  0.00241546
2665  0
2680  0
2695  0
2710  0
2725  0
2740  0
2755  0
2770  0.00483092
2785  0
2800  0
2815  0.00241546
2830  0
2845  0
2860  0
2875  0.00241546
2890  0
2905  0
2920  0.00483092
2935  0
2950  0
2965  0
2980  0.00241546
2995  0.00241546
3010  0
3025  0
3040  0.00241546
3055  0
3070  0
3085  0
3100  0
3115  0
3130  0
3145  0
3160  0.00241546
3175  0
3190  0
3205  0
3220  0
3235  0
3250  0
3265  0
3280  0
3295  0
3310  0
3325  0
3340  0
3355  0
3370  0
3385  0
3400  0
3415  0
3430  0
3445  0
3460  0
3475  0
3490  0.00241546
3505  0
3520  0
3535  0
3550  0.00241546
3565  0
3580  0
3595  0.00241546
3610  0
3625  0
3640  0
3655  0
3670  0
3685  0
3700  0.00241546
3715  0
3730  0
3745  0
3760  0
3775  0
3790  0
3805  0
3820  0
3835  0.00241546
3850  0
3865  0
3880  0
3895  0
3910  0
3925  0
3940  0
3955  0.00241546
3970  0
3985  0
4000  0
4015  0
4030  0
4045  0
4060  0
4075  0
4090  0.00241546
4105  0
4120  0
4135  0
4150  0.00241546
4165  0
4180  0.00241546
4195  0
4210  0
4225  0
4240  0
4255  0
4270  0
4285  0
4300  0
4315  0
4330  0
4345  0
4360  0
4375  0
4390  0
4405  0
4420  0
4435  0
4450  0
4465  0
4480  0
4495  0
4510  0
4525  0
4540  0
4555  0
4570  0
4585  0
4600  0
4615  0
4630  0
4645  0
4660  0
4675  0.00241546
4690  0
4705  0
4720  0
4735  0
4750  0
4765  0
4780  0
4795  0
4810  0
4825  0
4840  0
4855  0
4870  0
4885  0
4900  0
4915  0
4930  0
4945  0
4960  0
4975  0
4990  0
5005  0
5020  0
5035  0
5050  0
5065  0
5080  0
5095  0
5110  0
5125  0
5140  0
5155  0
5170  0
5185  0
5200  0
5215  0
5230  0
5245  0
5260  0
5275  0
5290  0
5305  0
5320  0
5335  0
5350  0
5365  0
5380  0
5395  0
5410  0
5425  0
5440  0
5455  0
5470  0
5485  0
5500  0
5515  0
5530  0
5545  0
5560  0
5575  0
5590  0
5605  0.00241546
5620  0
5635  0
5650  0
5665  0
5680  0
5695  0
5710  0
5725  0
5740  0
5755  0
5770  0
5785  0
5800  0
5815  0
5830  0
5845  0
5860  0
5875  0
5890  0
5905  0
5920  0.00241546
5935  0
5950  0
5965  0
5980  0
5995  0
6010  0
6025  0
6040  0
6055  0
6070  0
6085  0
6100  0
6115  0
6130  0
6145  0
6160  0
6175  0
6190  0
6205  0
6220  0.00241546
6235  0
6250  0
6265  0
6280  0
6295  0
6310  0
6325  0
6340  0.00241546
6355  0
6370  0
6385  0
6400  0
6415  0
6430  0
6445  0
6460  0
6475  0
6490  0
6505  0
6520  0
6535  0
6550  0
6565  0
6580  0
6595  0
6610  0
6625  0
6640  0
6655  0
6670  0
6685  0
6700  0
6715  0
6730  0
6745  0
6760  0
6775  0
6790  0
6805  0
6820  0
6835  0
6850  0
6865  0
6880  0
6895  0
6910  0
6925  0
6940  0
6955  0
6970  0
6985  0
7000  0
7015  0
7030  0
7045  0
7060  0
7075  0
7090  0
7105  0
7120  0
7135  0
7150  0
7165  0
7180  0
7195  0
7210  0
7225  0
7240  0
7255  0
7270  0
7285  0
7300  0
7315  0
7330  0
7345  0
7360  0
7375  0
7390  0
7405  0
7420  0
7435  0
7450  0
7465  0
7480  0
7495  0
7510  0
7525  0
7540  0
7555  0
7570  0
7585  0
7600  0
7615  0
7630  0
7645  0
7660  0
7675  0
7690  0
7705  0
7720  0
7735  0
7750  0
7765  0
7780  0
7795  0
7810  0
7825  0
7840  0
7855  0
7870  0
7885  0
7900  0
7915  0
7930  0
7945  0
7960  0
7975  0
7990  0
8005  0
8020  0
8035  0
8050  0
8065  0
8080  0
8095  0
8110  0
8125  0
8140  0
8155  0
8170  0
8185  0
8200  0
8215  0
8230  0
8245  0
8260  0
8275  0
8290  0
8305  0
8320  0
8335  0
8350  0
8365  0
8380  0
8395  0
8410  0
8425  0
8440  0
8455  0
8470  0
8485  0
8500  0
8515  0.00241546
8530  0
8545  0
8560  0
8575  0
8590  0
8605  0
8620  0
8635  0
8650  0
8665  0
8680  0
8695  0
8710  0
8725  0
8740  0
8755  0
8770  0
8785  0
8800  0
8815  0
8830  0
8845  0
8860  0
8875  0
8890  0
8905  0
8920  0
8935  0
8950  0
8965  0
8980  0
8995  0
9010  0
9025  0
9040  0
9055  0
9070  0
9085  0
9100  0
9115  0
9130  0
9145  0
9160  0
9175  0
9190  0
9205  0
9220  0
9235  0
9250  0
9265  0
9280  0
9295  0
9310  0
9325  0
9340  0
9355  0
9370  0
9385  0
9400  0
9415  0
9430  0
9445  0
9460  0
9475  0
9490  0
9505  0
9520  0
9535  0
9550  0
9565  0
9580  0
9595  0
9610  0
9625  0
9640  0
9655  0
9670  0
9685  0
9700  0
9715  0
9730  0
9745  0
9760  0
9775  0
9790  0
9805  0
9820  0
9835  0
9850  0
9865  0
9880  0
9895  0
9910  0
9925  0
9940  0
9955  0
9970  0
9985  0
10000